ACDEFGHIKLMNPQRSTVWY

{{             0,   0.065662251,    0.77200021,     0.7859595,  0.0074953058,     1.1329574,   0.044971782,  0.0026528488,  0.0026528488,    0.11420832,   0.009902713,  0.0026528488,     1.1259592,   0.029241185,    0.16315391,     1.3085601,     8.4457685,     4.0399067,  0.0026528488,  0.0026528488}
{   0.065662251,             0,  0.0026528488,  0.0026528488,     4.9333171,    0.47638319,    0.12737547,  0.0026528488,  0.0026528488,   0.068855751,  0.0026528488,   0.045663061,  0.0026528488,  0.0026528488,    0.18661252,     2.4900381,    0.39260517,    0.22285362,     1.3968681,     4.0213579}
{    0.77200021,  0.0026528488,             0,     5.6172481,  0.0026528488,     1.5057888,     1.0170492,  0.0093800488,  0.0026528488,  0.0046480457,  0.0026528488,     9.3704985,   0.018180397,  0.0026528488,  0.0026528488,    0.28026286,    0.14576024,    0.55599996,  0.0026528488,    0.35795048}
{     0.7859595,  0.0026528488,     5.6172481,             0,  0.0026528488,     2.0839453,   0.063530422,  0.0032315889,     2.4484839,  0.0026528488,   0.093268326,   0.042054709,  0.0063788279,     1.3583647,   0.039751241,  0.0026528488,    0.15374532,    0.54567507,  0.0026528488,   0.042054709}
{  0.0074953058,     4.9333171,  0.0026528488,  0.0026528488,             0,    0.15469345,   0.077228672,      1.803067,   0.018180397,     4.5230222,   0.099760378,  0.0026528488,  0.0026528488,  0.0026528488,  0.0026528488,    0.50747511,  0.0074953058,    0.38374731,    0.44002431,       8.13894}
{     1.1329574,    0.47638319,     1.5057888,     2.0839453,    0.15469345,             0,  0.0026528488,  0.0026528488,    0.27680089,  0.0026528488,  0.0026528488,    0.17158679,  0.0026528488,   0.032849536,     1.9384101,      2.324113,    0.19610654,    0.50571521,    0.64556544,  0.0026528488}
{   0.044971782,    0.12737547,     1.0170492,   0.063530422,   0.077228672,  0.0026528488,             0,   0.054707578,  0.0026528488,    0.92409864,  0.0026528488,     4.0566567,     1.3015831,     3.7434084,      4.796584,    0.20307398,    0.37755025,  0.0026528488,   0.036884095,     9.9186301}
{  0.0026528488,  0.0026528488,  0.0093800488,  0.0032315889,      1.803067,  0.0026528488,   0.054707578,             0,    0.17101271,     3.1615537,     5.9458299,     0.3610872,   0.021784823,  0.0026528488,    0.35934906,    0.64624988,     4.5693569,     9.4117238,  0.0026528488,   0.078613459}
{  0.0026528488,  0.0026528488,  0.0026528488,     2.4484839,   0.018180397,    0.27680089,  0.0026528488,    0.17101271,             0,    0.04324117,    0.68043448,     4.1938515,   0.016652568,     3.4738365,     10.850151,    0.26746605,     2.4785142,    0.14104083,  0.0026528488,  0.0026528488}
{    0.11420832,   0.068855751,  0.0046480457,  0.0026528488,     4.5230222,  0.0026528488,    0.92409864,     3.1615537,    0.04324117,             0,     2.8224242,  0.0026528488,     1.1022958,    0.79296833,    0.37215595,    0.49218621,   0.023221606,    0.74829436,    0.39731344,   0.059416384}
{   0.009902713,  0.0026528488,  0.0026528488,   0.093268326,   0.099760378,  0.0026528488,  0.0026528488,     5.9458299,    0.68043448,     2.8224242,             0,  0.0026528488,  0.0026528488,     0.1611213,     1.3338205,  0.0026528488,     2.6211525,     3.6361006,   0.047262092,  0.0026528488}
{  0.0026528488,   0.045663061,     9.3704985,   0.042054709,  0.0026528488,    0.17158679,     4.0566567,     0.3610872,     4.1938515,  0.0026528488,  0.0026528488,             0,  0.0039239772,    0.35657046,    0.15680618,     6.9741802,     3.6538588,   0.014142867,  0.0026528488,    0.93601524}
{     1.1259592,  0.0026528488,   0.018180397,  0.0063788279,  0.0026528488,  0.0026528488,     1.3015831,   0.021784823,   0.016652568,     1.1022958,  0.0026528488,  0.0039239772,             0,     2.3727663,    0.68101281,     2.8532025,     1.0686577,  0.0026528488,   0.023584144,   0.016149535}
{   0.029241185,  0.0026528488,  0.0026528488,     1.3583647,  0.0026528488,   0.032849536,     3.7434084,  0.0026528488,     3.4738365,    0.79296833,     0.1611213,    0.35657046,     2.3727663,             0,     1.8153444,   0.061711098,    0.12924096,   0.011097026,   0.014142867,   0.059971891}
{    0.16315391,    0.18661252,  0.0026528488,   0.039751241,  0.0026528488,     1.9384101,      4.796584,    0.35934906,     10.850151,    0.37215595,     1.3338205,    0.15680618,    0.68101281,     1.8153444,             0,     1.8459052,     1.5220348,   0.043106352,    0.52597396,  0.0052623288}
{     1.3085601,     2.4900381,    0.28026286,  0.0026528488,    0.50747511,      2.324113,    0.20307398,    0.64624988,    0.26746605,    0.49218621,  0.0026528488,     6.9741802,     2.8532025,   0.061711098,     1.8459052,             0,     4.7385556,   0.039751241,   0.013196755,    0.34382193}
{     8.4457685,    0.39260517,    0.14576024,    0.15374532,  0.0074953058,    0.19610654,    0.37755025,     4.5693569,     2.4785142,   0.023221606,     2.6211525,     3.6538588,     1.0686577,    0.12924096,     1.5220348,     4.7385556,             0,    0.37629386,  0.0026528488,   0.056055755}
{     4.0399067,    0.22285362,    0.55599996,    0.54567507,    0.38374731,    0.50571521,  0.0026528488,     9.4117238,    0.14104083,    0.74829436,     3.6361006,   0.014142867,  0.0026528488,   0.011097026,   0.043106352,   0.039751241,    0.37629386,             0,  0.0026528488,   0.021784823}
{  0.0026528488,     1.3968681,  0.0026528488,  0.0026528488,    0.44002431,    0.64556544,   0.036884095,  0.0026528488,  0.0026528488,    0.39731344,   0.047262092,  0.0026528488,   0.023584144,   0.014142867,    0.52597396,   0.013196755,  0.0026528488,  0.0026528488,             0,    0.67924601}
{  0.0026528488,     4.0213579,    0.35795048,   0.042054709,       8.13894,  0.0026528488,     9.9186301,   0.078613459,  0.0026528488,   0.059416384,  0.0026528488,    0.93601524,   0.016149535,   0.059971891,  0.0052623288,    0.34382193,   0.056055755,   0.021784823,    0.67924601,             0}
}


{{   0.060490222}
{   0.020075899}
{   0.042109048}
{   0.071567447}
{   0.028809447}
{   0.072308239}
{   0.022293943}
{   0.069730629}
{   0.056968211}
{   0.098851122}
{   0.019768318}
{   0.044127815}
{   0.046025282}
{   0.053606488}
{   0.066039665}
{    0.05060433}
{   0.053636813}
{   0.061625237}
{   0.033011601}
{   0.028350243}
}
